最大流的最大二分匹配测试数据
9
0 5
1 5
1 7
2 6
2 7
2 8
3 7
4 7
0 0


10
0 5
1 5
1 7
2 6
2 7
2 8
3 7
4 7
4 9
0 0

13
0 6
0 7
0 9
1 7
1 10
2 6
2 9
2 12
3 8
3 9
3 11
4 9
5 9
0 0


匈牙利的最大二分匹配测试数据:
3
0 3
0 4
1 3
1 5
2 6
0 0

5
0 5
1 5
1 7
2 6
2 7
2 8
3 7
4 7
0 0


HK 二分匹配测试数据:
3 4
0 3
0 4
1 3
1 5
2 6
0 0

5 4
0 5
1 5
1 7
2 6
2 7
2 8
3 7
4 7
4 8
0 0


染色法测试数据:
4
0 1
1 2
2 3
3 0
0 0

4
0 1
0 3
2 3
0 0

5
0 3
1 3
2 3
0 4
1 4
2 4
3 4
0 0

9
0 5
1 5
1 7
2 6
2 7
2 8
3 7
4 7
0 0
