10 10
0000000000
0110111010
0110111010
0111100110
0100011110
0111011110
0101110110
0100010010
0011111110
0000000000
1 1
8 8


10 10
0000000000
0110111010
0110111010
0111100110
0100011110
0111011110
0101110110
0100010010
0011111110
0000000000
1 1
6 7


7 7
1011111
1010001
1010101
1010101
1011101
1000001
1111111
0 0
2 4


7 7
1011111
1010001
1010101
1010001
1011101
1000001
1111111
0 0
2 4


20 20
10111111111111111111
11000000000000000010
10101111111111111011
10101000000000111011
10101011111110111111
10101011110110111011
10101010110110111011
10101010110110111111
10101010110110111011
10101010110110111011
10101010110110111011
10101010110000111111
10001010111111111011
11111010111111111011
11111010111000000011
10100010111011111011
10101110111010111000
10101000000010111111
10001111111110000100
11110000000001110111
0 0
19 19

