测试数据, 开头一个 4 表示 4 个顶点, 0 1 1 表示 0->1是1, 以 0 0 0 结束, 0 3 是源点汇点
input:
4
0 1 1
0 2 2
1 3 2
2 3 1
0 0 0
0 3

output: 2


input:
20
0 1 10
1 2 10
2 3 10
3 4 10
4 5 10
5 6 10
6 7 10
7 8 10
8 9 1
8 10 1
8 11 1
8 12 1
8 13 1
8 14 1
8 15 1
8 16 1
8 17 1
8 18 1
9 19 1
10 19 1
11 19 1
12 19 1
13 19 1
14 19 1
15 19 1
16 19 1
17 19 1
18 19 1
0 0 0
0 19

output: 10


input:
6
0 1 16
0 2 13
1 2 10
2 1 4
1 3 12
3 2 9
2 4 14
4 3 7
3 5 20
4 5 4
0 0 0
0 5

output: 23


input:
4
0 1 100000
0 2 100000
1 2 1
1 3 100000
2 3 100000
0 0 0
0 3

output: 200000


input:
6
0 2 3
0 4 2
0 3 3
2 5 4
4 2 1
3 4 1
5 4 1
4 1 4
3 1 2
5 1 1
0 0 0
0 1

output: 7


input:
6
0 1 3
0 2 2
1 2 1
1 3 3
1 4 4
2 4 2
3 5 2
4 5 3
0 0 0
0 5

output: 5


input:
5
0 1 4
0 2 6
1 2 2
1 3 3
2 4 4
3 4 5
0 0 0
0 4

output: 7
